lastAccountName: honza2535
timestamps:
  login: 1609335981471
  logout: 1609336668100
  kits:
    vip: 1609336394610
ipAddress: 89.177.202.105
lastlocation:
  world: world
  x: -1.2711433627999056
  y: 45.91155447345091
  z: -2.796764579958551
  yaw: 128.17824
  pitch: 22.502249
logoutlocation:
  world: world
  x: -3.6597384209236274
  y: 45.0
  z: -1.231857606450069
  yaw: -307.0542
  pitch: 17.10182
