lastAccountName: vovousekCZ
timestamps:
  login: 1609857460062
  logout: 1609857582867
ipAddress: 188.175.138.99
lastlocation:
  world: sw
  x: 1290.6724969420065
  y: 65.0
  z: 702.6889752074603
  yaw: 234.6337
  pitch: 74.69945
logoutlocation:
  world: world
  x: 0.03623329016963028
  y: 45.0
  z: 0.6282072543297915
  yaw: 86.37181
  pitch: 13.800173
