lastAccountName: Dream_1
timestamps:
  login: 1613729335722
  logout: 1613729522903
ipAddress: 192.168.255.57
lastlocation:
  world: world
  x: -90.0
  y: 71.0
  z: 9.0
  yaw: 0.0
  pitch: 0.0
logoutlocation:
  world: world
  x: 0.5836246184777207
  y: 45.0
  z: 0.5374685875829819
  yaw: 89.99992
  pitch: -1.5001111
