lastAccountName: Dream_5
timestamps:
  login: 1613729937711
  logout: 1613730440631
ipAddress: 192.168.255.57
lastlocation:
  world: world
  x: 0.5836246184777207
  y: 45.0
  z: 0.5374685875829819
  yaw: 89.99992
  pitch: -1.5001111
logoutlocation:
  world: world
  x: -11.558389552532493
  y: 45.0
  z: 6.12497654883484
  yaw: 89.99992
  pitch: -1.5001111
