lastAccountName: zerom456
timestamps:
  login: 1609783729076
  logout: 1609783814080
ipAddress: 185.159.92.90
lastlocation:
  world: world
  x: 5.966564018703039
  y: 46.024424088213685
  z: 1.6659467288238634
  yaw: 99.01276
  pitch: 16.309916
