lastAccountName: Dream_0
timestamps:
  login: 1613729617450
  logout: 1613729709054
ipAddress: 192.168.255.57
lastlocation:
  world: world
  x: -90.0
  y: 71.0
  z: 9.0
  yaw: 0.0
  pitch: 0.0
logoutlocation:
  world: world
  x: -1.1864885530026512
  y: 45.0
  z: -0.13282606134463432
  yaw: 91.14903
  pitch: -71.866066
