lastAccountName: Hruba_Mouka
timestamps:
  login: 1613996313811
  logout: 1613996551322
  lastteleport: 1613995273313
ipAddress: 51.89.81.55
lastlocation:
  world: world
  x: 930.3558141049821
  y: 50.0
  z: 892.687398694788
  yaw: 168.4536
  pitch: 8.996578
logoutlocation:
  world: world
  x: 931.1913882053143
  y: 53.170787077218804
  z: 885.908824613576
  yaw: 229.72475
  pitch: 29.413279
