lastAccountName: iZboxo
timestamps:
  login: 1613995543248
  logout: 1613995538496
  lastteleport: 1613996799860
ipAddress: 51.195.87.119
afk: false
lastlocation:
  world: survival
  x: 51.194311875864145
  y: 71.0
  z: -216.6311991120602
  yaw: 218.39926
  pitch: 38.699978
logoutlocation:
  world: world
  x: 963.9646894860065
  y: 52.0625
  z: 891.1703557257634
  yaw: 90.450165
  pitch: -7.499975
