lastAccountName: LMAO6554
timestamps:
  login: 1613991895333
  logout: 1613991919380
ipAddress: 35.232.168.131
lastlocation:
  world: world
  x: -90.0
  y: 71.0
  z: 9.0
  yaw: 0.0
  pitch: 0.0
logoutlocation:
  world: world
  x: 963.9646894860065
  y: 52.0625
  z: 891.1703557257634
  yaw: 90.450165
  pitch: -7.499975
