lastlocation:
  world: survival
  x: 50.4832148479572
  y: 70.0
  z: -217.5091432781045
  yaw: 88.049355
  pitch: -4.650059
timestamps:
  logout: 1609336668107
  login: 1609335972868
lastAccountName: iZboxo
ipAddress: 185.236.161.60
afk: false
logoutlocation:
  world: world
  x: 0.6402732410578822
  y: 45.0
  z: -5.95801079435429
  yaw: 26.699993
  pitch: -8.549998
