lastAccountName: pathfinder_Bot
timestamps:
  login: 1613728352835
  logout: 1613728426007
ipAddress: 192.168.255.57
lastlocation:
  world: world
  x: -90.0
  y: 71.0
  z: 9.0
  yaw: 0.0
  pitch: 0.0
logoutlocation:
  world: world
  x: 1.0244721176711156
  y: 45.0
  z: 2.4757597335966297
  yaw: 89.99992
  pitch: -1.5001111
