spawns: 
  default: 
    world: world
    x: 963.9646894860065
    y: 52.0625
    z: 891.1703557257634
    yaw: 90.450165
    pitch: -7.499975
