world: world
x: 963.3901719374005
y: 52.0
z: 891.9513950013236
yaw: 91.950264
pitch: 1.6500375
