world: survival
x: 50.4832148479572
y: 70.0
z: -217.5091432781045
yaw: 88.049355
pitch: -4.650059
name: survival
lastowner: f50f3254-c473-4d6e-ab68-48b6db77d6a3
